lat: 16.040115454292344
lon: 108.22135618664987
radius_m: 50

# people's court of Da Nang