lat: 16.05777577131081
lon: 108.1820485669318
radius_m: 20

# people's court of Da Nang